"training" "version" "op_focus_phonology" "os_focus_phonology" "ba_focus_phonology" "op_focus_semantics" "os_focus_semantics" "ba_focus_semantics" "op_focus_oph" "os_focus_oph" "ba_focus_oph" "op_focus_osh" "os_focus_osh" "ba_focus_osh"
1e+06 1 0.999760901268261 0.999566547599936 0.999845931128592 0.996960211109327 0.99820698089581 0.998594978969337 0.73655986065179 0.756113863862578 0.759973320757746 0.823004124257505 0.805467007063734 0.802070777010756
1e+06 2 0.999730024080912 0.999545400545834 0.999855623856157 0.99762483319955 0.998653710065821 0.998904459303259 0.755934616471344 0.786080190399743 0.775759782790175 0.802968805426232 0.79632317225879 0.79341528688393
1e+06 3 0.999559368277412 0.999289193449992 0.999760954246267 0.997348514849896 0.998641666880719 0.998893856477765 0.747590549365869 0.780645057794188 0.771088978969337 0.780510688071922 0.784473001123776 0.78101856269064
1e+06 4 0.999743930486434 0.999704788890673 0.999877302135174 0.997317853266977 0.998473971584524 0.99873361743458 0.763655703804784 0.755675992294108 0.77446550008027 0.863740685021673 0.841693973832076 0.838099040134853
1e+06 5 0.999635772997271 0.999340592229892 0.999803972226682 0.997275949590624 0.998526380799486 0.998839450473591 0.74626554101782 0.772687048001284 0.763462942366351 0.783962006100498 0.788051772034034 0.784370569112217
1e+06 7 0.999751033713277 0.999628992615187 0.999871007545352 0.99716127323808 0.99832928415476 0.998690284957457 0.75026585776208 0.770498987317386 0.770489039332156 0.799763511960186 0.796610436346123 0.79646022411302
1e+06 9 0.999724681329266 0.999515460908653 0.999827055546637 0.997304312730775 0.998292077540536 0.99856196163108 0.752534312730775 0.776219102905763 0.775127255257666 0.859922712313373 0.842435897736394 0.843520195858083
1e+06 10 0.999713665756943 0.999439808315942 0.999822224273559 0.997344170813935 0.998476931931289 0.998760471504254 0.752646072082196 0.781329781826938 0.778117224755177 0.849946078664312 0.828836470701557 0.829051924385937
1e+06 12 0.99975394798523 0.999508705570718 0.999869425589982 0.997318993899502 0.998531866912827 0.998773555305828 0.75110374586611 0.772115188312731 0.766187096163108 0.821140387221063 0.807303160057794 0.80372410370846
1e+06 13 0.999781078664312 0.999703546957778 0.999891050409376 0.997411891956975 0.998444806228929 0.998730596082838 0.756484067587093 0.782756226200032 0.772885673944453 0.845258663188313 0.825643208701236 0.825987226200032
1e+06 14 0.999642772194574 0.99948695617274 0.999799108524643 0.997242227644887 0.998430879274362 0.998721622090223 0.747414815379676 0.766850638946861 0.769258711992294 0.806589582276449 0.8000943661904 0.796688932894526
1e+06 15 0.999690138224434 0.999537284957457 0.99986054374699 0.997375272756462 0.998477427837534 0.998785405201477 0.736031529137903 0.757314446299567 0.759566821801252 0.798965001926473 0.791402715042543 0.791320831112538
1e+06 16 0.999666227805426 0.999485429442928 0.999790056509873 0.997443506341307 0.998401790496067 0.998731434259111 0.748270079788088 0.774636074169209 0.764827771712956 0.845247773960507 0.831269634451758 0.830798637502007
1e+06 17 0.999646302135174 0.99944757649703 0.999821989725478 0.997441561887944 0.99868423759833 0.998970374859528 0.742817963878632 0.772886684218976 0.763658537325413 0.794553025525767 0.791568810563493 0.786936610210307
1e+06 18 0.999683216888746 0.999413039011077 0.999818824369883 0.997384212393643 0.998480322042061 0.99873878150586 0.733047157810242 0.770836191844598 0.755464322684219 0.825784924225397 0.809552026007385 0.808722998073527
1e+06 20 0.999739404559319 0.999640749558517 0.999868466366993 0.997182353026168 0.99837819393161 0.99869748900305 0.748689170492856 0.76291786899984 0.771009649703002 0.802551600738481 0.803425880237598 0.802617294910901
1e+06 21 0.999635594637984 0.999391240809119 0.999806936426393 0.997274529298443 0.998478583400225 0.998779137582276 0.754963309841066 0.776490342912185 0.770098892117515 0.822826302937871 0.812239847648098 0.807610621769144
1e+06 22 0.999709659816985 0.999501691443249 0.999833060523359 0.997091673783914 0.998503408091186 0.998802185423021 0.75473641531546 0.778299024080912 0.775460309038369 0.794707695617274 0.790371242575052 0.788940895328303
1e+06 23 0.999623520950393 0.999380921014609 0.999807308235672 0.997338227805426 0.998638348691604 0.998928764488682 0.739741578905121 0.764256684700594 0.754901984267138 0.784314974313694 0.781644874137101 0.778949298924386
1e+06 24 0.99967903002087 0.999503191523519 0.99982288264569 0.997247603146572 0.998459673462835 0.998818684379515 0.767131540536202 0.770954223631402 0.770920091025847 0.839056452721143 0.817617815058597 0.799455308556751
1e+06 25 0.999720991973029 0.999502164392358 0.999837300850859 0.997304189597046 0.998474441643924 0.998772712473912 0.763513539894044 0.77489308749398 0.780953213677958 0.801571001444855 0.803038471343715 0.798894189436507
1e+06 27 0.999664183336009 0.999402335206293 0.999810433456414 0.997323333761438 0.998603596243378 0.998894269866752 0.758991154278375 0.776175650987317 0.770240161021031 0.800528277893723 0.79645582501204 0.792980403596083
1e+06 28 0.999781123775887 0.999539777973993 0.999869501364585 0.997298899983946 0.998617432974795 0.998933471022636 0.725863936586932 0.754847440199069 0.741964703162626 0.782136697704286 0.786872022796597 0.78039399165195
1e+06 29 0.999744331513887 0.999600272435383 0.999822281104511 0.997509195055386 0.99839362289292 0.998650089420453 0.754398616471344 0.768800914753572 0.768596160378873 0.885483309038369 0.858175856317226 0.859819523840103
1e+06 30 0.999733857441002 0.99940576786001 0.999814924064858 0.996969810402954 0.998130414673302 0.998392920051373 0.758098408733344 0.783107358645047 0.777946667201798 0.88970841242575 0.862203815058597 0.867922799967892
1e+06 31 0.999680964199711 0.999411799165195 0.999799432172098 0.997396348691604 0.99857969674105 0.998853008026971 0.703529752929844 0.742725047680206 0.738064219938995 0.81515512297319 0.809388503612137 0.806235846524322
1e+06 32 0.99971832525285 0.999543263766255 0.999846922138385 0.997232958099213 0.998540309519987 0.998825193610531 0.747733728046235 0.773162608444373 0.764143189757585 0.790061241932895 0.792607357200193 0.791130395569112
1e+06 33 0.999724966447263 0.999552853427516 0.999840634772837 0.99769302456253 0.998663443570396 0.998862195215926 0.721081329266335 0.761331062449831 0.752879115909456 0.865468015251244 0.846508591908814 0.846321844437309
1e+06 34 0.999754727725157 0.999515065981698 0.999853467972387 0.997331935302617 0.998634141756301 0.998885522716327 0.744773384812972 0.761791949269546 0.765978991170332 0.813383930325895 0.802621703804784 0.798848746187189
1e+06 35 0.999681588698025 0.999457803981377 0.999814751163911 0.997241239203725 0.998357972387221 0.998681273559159 0.722471262000321 0.74951406277091 0.760649261358163 0.7842263441965 0.795498541981056 0.821626331995505
1e+06 36 0.999801550168566 0.999683342270027 0.999887960025686 0.997324142398459 0.998665525445497 0.998939105956012 0.766021044148338 0.779362646331674 0.780596589179644 0.784003026167924 0.788125025525767 0.785416151388666
1e+06 41 0.999613572483545 0.999464297479531 0.999798656927276 0.997069705891796 0.998247977363943 0.998614962112699 0.7725146065179 0.785705034194895 0.786966483063092 0.850624144967089 0.836361332156044 0.836241643923583
1e+06 42 0.999715564617114 0.99958970476802 0.999844196981859 0.997188308396211 0.998371690801092 0.998674714079307 0.731544487397656 0.756039077379997 0.757103507144004 0.835243312088618 0.824357573286242 0.825359780382084
1e+06 43 0.999717284475839 0.99959769947022 0.999865079627549 0.997293018301493 0.998626484829025 0.998902614223792 0.745978420452721 0.766918356558035 0.760310435382886 0.800220100497672 0.793717764007064 0.791268023759833
1e+06 44 0.999680499598651 0.999549474393964 0.999858086209664 0.997189478889067 0.998511882966768 0.998770012040456 0.732172758388184 0.762713411141435 0.757028426392679 0.794608026167924 0.797154450634131 0.794970405522556
1e+06 45 0.999725903034195 0.999510169208541 0.999844005939958 0.997342647776529 0.998268611815701 0.998614183336009 0.763410662867234 0.792573097286884 0.779422012200995 0.824851835607642 0.818364734628351 0.817338982501204
1e+06 46 0.999708528014127 0.999499454647616 0.99983307930647 0.997199478728528 0.998566925670252 0.99884712024402 0.76083972403275 0.792322847648098 0.781998586611013 0.792703784877187 0.790025509070477 0.788439336651148
1e+06 47 0.999678030502488 0.999412708942045 0.999838436025044 0.997170605394124 0.998584961470541 0.998899231016214 0.729091347246749 0.765612170813935 0.759985689035158 0.798018233103227 0.796155815540215 0.790733905281747
1e+06 48 0.999658814737518 0.999460862738802 0.999818303901108 0.996994397013967 0.998534605233585 0.9987811584524 0.753575006582116 0.781241207738 0.774446703804784 0.830436428640231 0.817774160057794 0.817962610210307
1e+06 50 0.999658949911703 0.999402809760796 0.999807501204046 0.997149837373575 0.998518803820838 0.998771122009953 0.766844333921978 0.795038302616792 0.781662856317226 0.791081054904479 0.786262348209986 0.784480268903516
